TEST CASES
case	本周文字价格	本周文字收益	期望下周文字价格
	1		2钻/条			0				2
	2		3钻/条			0				2
	3		4钻/条			0				2
	4		5钻/条			0				2
	5		2钻/条			49				2
	6		3钻/条			49				2
	7		4钻/条			49				2
	8		5钻/条			49				2
	9		2钻/条			50				3
	10		3钻/条			50				3
	11		4钻/条			50				3
	12		5钻/条			50				3
	13		2钻/条			79				3
	14		3钻/条			79				3
	15		4钻/条			79				3
	16		5钻/条			79				3
	17		2钻/条			80				4
	18		3钻/条			80				4
	19		4钻/条			80				4
	20		5钻/条			80				4
	21		2钻/条			149				4
	22		3钻/条			149				4
	23		4钻/条			149				4
	24		5钻/条			149				4
	25		2钻/条			150				5
	26		3钻/条			150				5
	27		4钻/条			150				5
	28		5钻/条			150				5
	29		2钻/条			151				5
	30		3钻/条			151				5
	31		4钻/条			151				5
	32		5钻/条			151				5
	
---------------------------------------------------------
	8		5钻/条			49				2
	9		2钻/条			50				3
	16		5钻/条			79				3
	17		2钻/条			80				4
	20		5钻/条			80				4
	21		2钻/条			149				4
	28		5钻/条			150				5
	29		2钻/条			151				5